// Data on points
70
(

//minz
(0.574803 0 0)
(0.574803 0 0)
(1.13009 0 0)
(1.34518 0 0)
(1.34518 0 0)
(1.40472 0 0)
(1.40472 0 0)
(1.42901 0 0)
(1.42901 0 0)
(1.43668 0 0)
(1.43108 0 0)
(1.43108 0 0)
(1.4158 0 0)
(1.39312 0 0)
(1.37642 0 0)
(1.36843 0 0)
(1.3731 0 0)
(1.36463 0 0)
(1.36104 0 0)
(1.34808 0 0)
(1.32398 0 0)
(1.29544 0 0)
(1.28659 0 0)
(1.28727 0 0)
(1.29369 0 0)
(1.30134 0 0)
(1.3105 0 0)
(1.32712 0 0)
(1.35215 0 0)
(1.37194 0 0)
(1.36965 0 0)
(1.05343 0 0)
(0.715377 0 0)
(0.409142 0 0)
(0.131793 0 0)

// maxz
(0.574803 0 0)
(0.574803 0 0)
(1.13009 0 0)
(1.34518 0 0)
(1.34518 0 0)
(1.40472 0 0)
(1.40472 0 0)
(1.42901 0 0)
(1.42901 0 0)
(1.43668 0 0)
(1.43108 0 0)
(1.43108 0 0)
(1.4158 0 0)
(1.39312 0 0)
(1.37642 0 0)
(1.36843 0 0)
(1.3731 0 0)
(1.36463 0 0)
(1.36104 0 0)
(1.34808 0 0)
(1.32398 0 0)
(1.29544 0 0)
(1.28659 0 0)
(1.28727 0 0)
(1.29369 0 0)
(1.30134 0 0)
(1.3105 0 0)
(1.32712 0 0)
(1.35215 0 0)
(1.37194 0 0)
(1.36965 0 0)
(1.05343 0 0)
(0.715377 0 0)
(0.409142 0 0)
(0.131793 0 0)
)

// ************************************************************************* //
